Fitness
560.2
836.875
859.375
1096.75
1471.25
1456.75
1775.375
2100.0
2211.375
2101.5
2255.625
2136.625
2171.625
2247.125
2084.125
2150.375
2254.375
2443.625
2634.375
2850.25
3026.25
2920.625
2968.875
3051.125
3071.0
3065.5
2994.875
2987.125
3011.875
2865.0
3115.75
2964.75
3060.375
2870.25
3012.625
3060.125
3006.75
3199.25
3094.125
3007.75
2866.125
3125.0
2967.875
3097.625
3042.25
2985.875
3079.625
3276.125
3072.625
3015.5
2963.5
3110.875
3103.875
2988.625
3064.125
2974.875
2959.25
3054.125
3216.25
3013.375
3080.5
3032.125
2978.875
3061.625
3030.875
3002.625
3059.75
2959.625
2954.375
3161.5
3080.0
3102.5
3005.875
2916.375
2960.0
2912.375
2956.0
2963.375
3090.125
2975.875
2909.625
3004.0
3060.625
2914.625
3127.0
2915.375
2999.125
2939.0
3057.5
3032.875
2956.375
2975.75
2962.5
3152.25
2916.375
2917.875
2978.375
2967.875
2869.375
3014.875
3051.0
2915.25
2958.875
2916.125
3108.75
3078.75
3014.875
3135.875
2961.875
3013.0
3010.125
3089.25
2964.0
2916.625
3156.125
3188.0
3012.75
3094.25
2959.375
3010.375
3146.625
3077.875
3202.375
2917.625
2914.25
2938.25
3114.625
2959.75
2964.875
3085.375
2966.0
2963.0
3083.0
2942.5
2960.625
3011.25
3023.75
3183.625
3090.125
2960.5
3014.875
3048.625
3051.75
2976.5
3246.875
3121.375
2972.5
3199.125
3081.25
2867.75
2999.125
2975.625
3228.875
2995.875
2937.875
3008.0
3206.375
2989.25
3002.375
3114.5
2867.5
3007.125
3144.5
2966.625
3113.875
3204.75
3100.75
3059.625
2997.0
3075.25
2965.875
3025.875
2959.25
3016.875
3008.875
3029.875
3150.75
3242.125
3013.875
3023.125
3110.375
2866.75
2868.25
2912.75
3030.125
3035.5
3147.25
3025.375
2936.875
3024.625
3010.0
3048.75
3263.25
3160.5
3047.375
3008.875
2961.875
3002.75
3162.5
2865.5
3154.25
3011.5
3034.625
3028.875
3016.75
3013.625
3251.75
2960.5
3061.625
3061.125
3014.25
2962.25
2912.75
3079.625
2968.25
3011.25
3014.5
3075.625
3153.75
3036.375
2918.5
2870.25
3016.875
2984.5
3013.25
3107.75
2914.875
2965.875
3012.75
2983.5
3158.0
2965.625
3125.75
2913.5
3051.75
2961.125
3088.75
3079.5
3011.75
2867.25
3013.125
2908.375
3031.125
3057.75
3056.125
3174.375
3014.125
3006.25
2913.625
2911.0
2745.75
