Fitness
1433.0
1583.0
1584.0
2312.0
3583.0
3578.0
3581.0
3803.0
3812.0
3813.0
3811.0
3814.0
3812.0
3840.0
3800.0
4835.0
4836.0
4831.0
5019.0
5202.0
5499.0
5499.0
5489.0
5489.0
5489.0
5489.0
5489.0
5489.0
5489.0
5479.0
5489.0
5489.0
5489.0
5489.0
5479.0
5489.0
5489.0
5489.0
5489.0
5489.0
5489.0
5489.0
5489.0
5489.0
5489.0
5489.0
5489.0
5489.0
5489.0
5489.0
5489.0
5489.0
5489.0
5489.0
5489.0
5489.0
5489.0
5489.0
5489.0
5489.0
5489.0
5489.0
5489.0
5489.0
5489.0
5489.0
5489.0
5489.0
5489.0
5489.0
5489.0
5489.0
5489.0
5489.0
5479.0
5479.0
5489.0
5489.0
5489.0
5489.0
5479.0
5479.0
5479.0
5489.0
5489.0
5489.0
5479.0
5489.0
5489.0
5489.0
5489.0
5489.0
5489.0
5489.0
5489.0
5489.0
5489.0
5489.0
5489.0
5489.0
5489.0
5489.0
5489.0
5489.0
5479.0
5489.0
5489.0
5489.0
5489.0
5489.0
5489.0
5489.0
5489.0
5489.0
5489.0
5489.0
5489.0
5489.0
5489.0
5489.0
5489.0
5489.0
5479.0
5489.0
5489.0
5489.0
5489.0
5489.0
5489.0
5489.0
5489.0
5489.0
5489.0
5489.0
5489.0
5489.0
5479.0
5489.0
5489.0
5489.0
5489.0
5489.0
5489.0
5489.0
5489.0
5479.0
5479.0
5479.0
5489.0
5489.0
5489.0
5489.0
5489.0
5479.0
5489.0
5489.0
5489.0
5489.0
5479.0
5489.0
5489.0
5489.0
5489.0
5489.0
5489.0
5489.0
5489.0
5489.0
5489.0
5489.0
5489.0
5489.0
5489.0
5479.0
5489.0
5479.0
5489.0
5489.0
5489.0
5489.0
5489.0
5489.0
5489.0
5489.0
5489.0
5489.0
5489.0
5489.0
5489.0
5489.0
5489.0
5489.0
5479.0
5489.0
5489.0
5489.0
5489.0
5489.0
5489.0
5489.0
5489.0
5479.0
5489.0
5489.0
5489.0
5489.0
5489.0
5489.0
5479.0
5479.0
5489.0
5489.0
5489.0
5489.0
5489.0
5489.0
5489.0
5489.0
5489.0
5489.0
5489.0
5479.0
5489.0
5489.0
5479.0
5489.0
5489.0
5489.0
5489.0
5489.0
5479.0
5479.0
5479.0
5489.0
5489.0
5489.0
5489.0
5489.0
5479.0
5489.0
5489.0
5489.0
5489.0
5489.0
5489.0
5479.0
5489.0
5479.0
5489.0
5479.0
5499.0
